1　　　　　　　　　　　　　　　　　　　　　　　　　　　　　　　　　　　　　　　　
1　　　　　　　　　　　　　　　　　　　　　　　　　　　　　　　　　　　　　　　　
1「そっか、じゃあまた今度ね・・・」　　　　　　　　　　　　　　　　　　　　　　　
1　　　　　　　　　　　　　　　　　　　　　　　　　　　　　　　　　　　　　　　　
1そして二人は卒業し、その後二度と会うことはなかった。　　　　　　　　　　　　　　
1　　　　　　　　　　　　　　　　　　　　　　　　　　　　　　　　　　　　　　　　
1　　　　　　　　　　　　　　　　　　　　　　　　　　　　　　　　　　　　　　　　
1　　　　　　　　　　　　　　　　　　　　　　　　　　　　　　　　　　　　　　　　
2　　　　　　　　　　　　　　　　　　　　　　　　　　　　　　　　　　　　　　　　
2　　　　　　　　　　　　　　　　　　　　　　　　　　　　　　　　　　　　　　　　
2「ひどいっ！私にとっては大切な思い出だったのに・・・」　　　　　　　　　　　　　
2「もう知らないっ！」　　　　　　　　　　　　　　　　　　　　　　　　　　　　　　
2　　　　　　　　　　　　　　　　　　　　　　　　　　　　　　　　　　　　　　　　
2パシッ！　　　　　　　　　　　　　　　　　　　　　　　　　　　　　　　　　　　　
2僕は頬に平手打ちを喰らい、その場に立ち尽くした。　　　　　　　　　　　　　　　　
2　　　　　　　　　　　　　　　　　　　　　　　　　　　　　　　　　　　　　　　　
2　　　　　　　　　　　　　　　　　　　　　　　　　　　　　　　　　　　　　　　　
2　　　　　　　　　　　　　　　　　　　　　　　　　　　　　　　　　　　　　　　　
3　　　　　　　　　　　　　　　　　　　　　　　　　　　　　　　　　　　　　　　　
3　　　　　　　　　　　　　　　　　　　　　　　　　　　　　　　　　　　　　　　　
3「そんな固定長な回答いらないわ。じゃあね。」　　　　　　　　　　　　　　　　　　
3　　　　　　　　　　　　　　　　　　　　　　　　　　　　　　　　　　　　　　　　
3彼女の顔からはすーっと笑顔が消え、その場を去っていった。　　　　　　　　　　　　
3　　　　　　　　　　　　　　　　　　　　　　　　　　　　　　　　　　　　　　　　
3　　　　　　　　　　　　　　　　　　　　　　　　　　　　　　　　　　　　　　　　
3　　　　　　　　　　　　　　　　　　　　　　　　　　　　　　　　　　　　　　　　
3そして僕たちの高校生活が終わった。　　　　　　　　　　　　　　　　　　　　　　　
3　　　　　　　　　　　　　　　　　　　　　　　　　　　　　　　　　　　　　　　　
3　　　　　　　　　　　　　　　　　　　　　　　　　　　　　　　　　　　　　　　　
3　　　　　　　　　　　　　　　　　　　　　　　　　　　　　　　　　　　　　　　　
